------------Оценка качества AE2 С ПОМОЩЬЮ НОВЫХ МЕТРИК------------
Approx = 0.7037037037037037
Excess = 0.42105263157894735
Deficit = 0.0
Coating = 1.0
